25 30
0.6903592029 0.6696676534 0.1398968474 0.3205053865 0.0568865017 0.3565172277 0.4013794366 0.5250099185 0.6115604114 0.7838068789 0.0587176122 0.0968047121 0.1806085391 0.4750511185 0.0338755455 0.2920926542 0.4297616504 0.6309091464 0.6317636647 0.9759514145 0.9243446150 0.5734733116 0.3318277535 0.8725241859 0.5038911100 0.2474440748 0.4098330638 0.3250831629 0.1275673696 0.3091525010
0.7957701346 0.3467818232 0.8463393048 0.8345896786 0.0745872372 0.2437208167 0.0585650197 0.1779839473 0.0356151006 0.5919064913 0.7049470504 0.0119937742 0.6770836512 0.8484145634 0.5590685751 0.0807519761 0.0717490158 0.3790704062 0.2700582904 0.6969817194 0.0007629627 0.1830500198 0.3135471664 0.5145725883 0.7604907376 0.0962553789 0.5066072573 0.6080202643 0.0500503555 0.7541734062
0.2440260018 0.3892635884 0.3449812311 0.0959807123 0.1110263375 0.3941160314 0.6634113590 0.6909085360 0.0294503616 0.4687948241 0.1310464797 0.6678670614 0.5933713797 0.3882869961 0.2516251106 0.5302285836 0.7502975555 0.4376049074 0.2879421369 0.6363109226 0.4843592639 0.9868465224 0.6612445448 0.6271553697 0.6579180273 0.5921201209 0.7739799188 0.5831171606 0.6673177282 0.6529129917
0.1627246925 0.1897946104 0.0693990905 0.1571398053 0.3875545518 0.6953032014 0.8352610858 0.5457319864 0.5637989441 0.9396038697 0.3867915891 0.2271797845 0.9428083132 0.2375255593 0.0730002747 0.7742240669 0.4476454970 0.3964659566 0.2418286691 0.3328959014 0.5702993866 0.6499832148 0.5640430921 0.2761314737 0.5362712485 0.7889034700 0.7653431806 0.6325266274 0.1430402539 0.2707907346
0.4227118748 0.3218176824 0.1787469100 0.5892208625 0.9818414869 0.7282937101 0.8270516068 0.6839808344 0.6511123997 0.6431775872 0.9645374920 0.6736655782 0.3290505692 0.1077303385 0.7571947386 0.6917630543 0.2211981567 0.1875972777 0.4616840114 0.1074861904 0.3024994659 0.2102725303 0.8380993072 0.9125644704 0.2818689535 0.4967497787 0.0801721244 0.5552842799 0.2248908963 0.1184423353
0.6696981719 0.0033265175 0.4908597064 0.7106845302 0.0602435377 0.3159886471 0.1407513657 0.8743858150 0.5982238227 0.5075838496 0.4718771935 0.1965086825 0.5855586413 0.9831843013 0.8359935301 0.4212469863 0.8919034394 0.3276772362 0.3966185492 0.8025147252 0.0214850307 0.7299722282 0.9823603015 0.1695913572 0.0416577654 0.8226874599 0.6917935728 0.7368694113 0.2786034730 0.2194891202
0.4069338054 0.1887874996 0.1871395001 0.5309610279 0.8710592975 0.0717184973 0.3006683554 0.1398968474 0.4868617817 0.0234076968 0.6671651357 0.5179601428 0.4922025208 0.8719748527 0.6780907620 0.3644520402 0.6685995056 0.1347392193 0.6957609790 0.3486129337 0.2391735588 0.9492782373 0.3861507004 0.7367778558 0.1126438185 0.9669484542 0.1628162481 0.6852931303 0.1289407025 0.2407910398
0.6483657338 0.4810022279 0.4631183813 0.6387524033 0.5599536119 0.5101779229 0.8437452315 0.8133793146 0.9246498001 0.2369151891 0.7420270394 0.2596819971 0.0312204352 0.9731437117 0.1878719443 0.4920804468 0.0245979186 0.7201147496 0.3690603351 0.8715170751 0.5489364299 0.8642536699 0.6699728385 0.1144444105 0.3459273049 0.0070802942 0.3060090945 0.0146794031 0.2144230476 0.7115695669
0.2098757897 0.4092532121 0.2375560778 0.4455397198 0.3262733848 0.9197363201 0.6838587603 0.5036774804 0.9707632679 0.5002899258 0.4880825220 0.1893673513 0.4094668416 0.3235572375 0.7189245277 0.0373851741 0.3159886471 0.0355540635 0.9388409070 0.3589892270 0.2609027375 0.9111301004 0.8627887814 0.8904385510 0.8914456618 0.9409161657 0.2223273415 0.8263191626 0.9561754204 0.3814203314
0.2406689657 0.0189519944 0.8322702719 0.7990661336 0.6255684072 0.6250495926 0.7105319376 0.1393780328 0.4858241523 0.9805291910 0.0950346385 0.8535111545 0.0781273843 0.9857783746 0.7736136967 0.6118655965 0.7901242103 0.7813348796 0.9148838771 0.6374706259 0.2657246620 0.9961851863 0.4488967559 0.1893063143 0.0799279763 0.3492233039 0.3871883297 0.2276375622 0.8681905576 0.8860744041
0.2381969665 0.7920163579 0.3170262764 0.6311532945 0.1750236518 0.1233252968 0.9229407636 0.9377422407 0.1112094485 0.0616168706 0.9241615040 0.3158970916 0.3409527879 0.7501754814 0.3132419813 0.0208746605 0.9001129185 0.1775261696 0.3358256783 0.1817377239 0.3040864284 0.5890072329 0.3815118870 0.7529831843 0.8189642018 0.2981658376 0.6743064669 0.0690633869 0.9221167638 0.9300820948
0.6674703207 0.2842799158 0.1083712271 0.6275521104 0.5501876888 0.4780724509 0.6984160894 0.2515335551 0.7715384381 0.7080599384 0.8049867244 0.1066621906 0.9883114109 0.7913754692 0.1139561144 0.2237006745 0.3430585650 0.0957365642 0.6358836634 0.7297891171 0.4783776360 0.1216772973 0.0844752342 0.3377483444 0.1936704611 0.1570177313 0.0383617664 0.4859462264 0.1509445479 0.7845698416
0.5423749504 0.1596728416 0.5355082858 0.5251014740 0.3043000580 0.9254127628 0.0780358287 0.3958861049 0.1438337352 0.2092349010 0.3444318979 0.6667683950 0.8496658223 0.3508713034 0.6990569781 0.5946226386 0.1008026368 0.4638508255 0.8484756005 0.4176152837 0.6091189306 0.6341135899 0.3713492233 0.3904843287 0.1381267739 0.4874111148 0.1409344768 0.1421246986 0.5556199835 0.6572466201
0.0462965789 0.1365703299 0.5753654592 0.1843317972 0.9188207648 0.5189062166 0.3447065645 0.3791619617 0.0698263497 0.1270180364 0.5340433973 0.1783806879 0.3460188604 0.9508041627 0.0843531602 0.5269325846 0.1083712271 0.8196661275 0.2695699942 0.8165532395 0.0416272469 0.6000244148 0.2292245247 0.9122592853 0.1995605335 0.6836756493 0.6283761101 0.7980285043 0.1932432020 0.0483718375
0.6003906369 0.3728141118 0.9279763176 0.6722312082 0.6297189245 0.4281136509 0.7951902829 0.5823847163 0.5297097690 0.3386638997 0.7259743034 0.3201696829 0.1729483932 0.4970549638 0.0118411817 0.1033661916 0.1294595172 0.0237434004 0.2995696890 0.4667500839 0.8695028535 0.7839899899 0.6659749138 0.6627704703 0.6869411298 0.2421643727 0.1790520951 0.6030457472 0.9997863704 0.1858272042
0.8518326365 0.6221198157 0.1837214270 0.8496963408 0.3948179571 0.8448744163 0.5953245643 0.4713278603 0.6736655782 0.4383983886 0.9405804621 0.8100527970 0.2781456954 0.5302896207 0.6458021790 0.6596575823 0.1087984863 0.0739158300 0.3866084780 0.8865016633 0.3871272927 0.4423657949 0.4310739463 0.0245674001 0.9961546678 0.0318308054 0.9541001617 0.9581286050 0.5571459090 0.6566667684
0.9781792657 0.7233802301 0.1491439558 0.0159306619 0.0978423414 0.9611804559 0.0769676809 0.0140995514 0.6433301798 0.0505081332 0.5945005646 0.2161015656 0.4398327586 0.4556413465 0.9893490402 0.2185125278 0.8190557573 0.3167821284 0.9349955748 0.2182073428 0.0385753960 0.8166142766 0.5167699210 0.5592516861 0.7661061434 0.3530991546 0.8380382702 0.5395367290 0.7838984344 0.0505081332
0.6124454482 0.2588579974 0.5706350902 0.6393932920 0.6489761040 0.7887203589 0.9162572100 0.2367931150 0.6358531449 0.4458754234 0.2261116367 0.0585345012 0.1292153691 0.4509109775 0.6712851344 0.5940733055 0.1536606952 0.7523422956 0.8403576769 0.2753990295 0.3196813868 0.2981963561 0.0495315409 0.1716971343 0.8655354472 0.5363933226 0.9675893429 0.7404400769 0.5288247322 0.4243903928
0.7108066042 0.1661427656 0.6546830653 0.7301858577 0.0655232398 0.3188573870 0.4462416456 0.9054536576 0.9936521500 0.8623615223 0.7640308847 0.3122348704 0.0773339030 0.5444807276 0.3806878872 0.0844752342 0.0599993896 0.2001709037 0.0965910825 0.4053468429 0.1386761071 0.4985808893 0.6235236671 0.4820398572 0.1648609882 0.9657582324 0.6416211432 0.9990844447 0.4097720267 0.3137913144
0.9369487594 0.3311563463 0.0504165777 0.6079897458 0.0249946593 0.2974028748 0.0323801386 0.3030793176 0.1671193579 0.7375408185 0.4660176397 0.6799218726 0.1853999451 0.6916104617 0.2118900113 0.7136448256 0.9828485977 0.4647053438 0.8123111667 0.9050569170 0.1748710593 0.3575548570 0.4242988372 0.1057161168 0.7383648183 0.3442487869 0.9111301004 0.8688924833 0.0845667898 0.4787438581
0.7482528153 0.3566393017 0.4619891964 0.3108615375 0.8997772149 0.3352458266 0.0956755272 0.0936307871 0.3220923490 0.2895596179 0.9692068239 0.0625324259 0.2506179998 0.1877193518 0.6551408429 0.5685598315 0.9259315775 0.9276100955 0.1010162664 0.3457441939 0.9157383953 0.9960631123 0.7763603626 0.6951506088 0.6885891293 0.3724784082 0.0872829371 0.8655659658 0.5962096011 0.2075258644
0.4651326029 0.4131595813 0.9197058016 0.3086336863 0.0348826563 0.8208258309 0.1369060335 0.9634388256 0.2702719199 0.1581469161 0.0666524247 0.1320535905 0.5410931730 0.0643330180 0.0459303568 0.5403607288 0.9595629749 0.8339793085 0.7968382824 0.7041840876 0.4317453536 0.8879970702 0.1390118107 0.4167912839 0.3202917570 0.4104739525 0.2042909024 0.7307351909 0.6246528520 0.4328440199
0.3092135380 0.9643543809 0.0852992340 0.1463362529 0.1421552171 0.7658009583 0.1178319651 0.7245094150 0.4213690603 0.7642139958 0.9836420789 0.4365062410 0.6794946135 0.8406018250 0.1027863399 0.3329569384 0.3317056795 0.5486007263 0.9163182470 0.2849513230 0.6832178716 0.7174291208 0.2027649770 0.6580706198 0.0322580645 0.7671437727 0.2570574053 0.4022949919 0.5253456221 0.7685781426
0.8360545671 0.8394116031 0.9204992828 0.7782830287 0.2783288064 0.9285256508 0.9149754326 0.4802392651 0.7042451247 0.2916959136 0.1937620167 0.6656392102 0.7018036439 0.7805413984 0.8551286355 0.5813776055 0.4055909909 0.8648030030 0.3689077425 0.6794946135 0.3742484817 0.6249275185 0.7250282296 0.7976928007 0.1731620228 0.6288949248 0.9267860958 0.3031708731 0.0684224982 0.4755088961
0.4869838557 0.2304452651 0.7383342998 0.2846766564 0.0816675314 0.9444563128 0.4087343974 0.9161961730 0.0185247353 0.3604541154 0.3187047945 0.1984618671 0.6760460219 0.2518692587 0.9220862453 0.9482711264 0.5693533128 0.6769920957 0.7318643757 0.0624103519 0.1998046815 0.0563066500 0.2135380108 0.4634540849 0.3433332316 0.9315469832 0.6332285531 0.1796319468 0.9350871303 0.9372844630
